T 1 1 1 1 0 0 0 0 0 0 0 0 0 0 0 0 0 0 0 0 0
T 1 1 1 1 0 1 1 1 1 0 1 1 1 1 0 1 1 1 1 0 1
T 1 1 0 0 0 0 0 0 0 0 0 0 0 0 0 0 0 0 0 0 0
T 0 1 0 1 0 0 0 0 0 0 0 1 0 0 0 0 0 1 0 0 0
T 1 0 1 0 0 0 1 0 0 0 0 0 1 0 0 0 0 0 0 0 0
T 0 1 0 0 0 0 0 0 0 0 0 0 0 0 0 0 0 0 0 0 0
T 0 0 1 1 0 0 0 0 0 0 0 0 0 0 0 1 0 0 1 0 0
T 1 1 1 0 0 1 1 0 1 0 1 0 1 1 0 0 0 0 0 0 0
T 1 0 0 0 0 0 0 0 0 0 0 0 0 0 0 0 0 0 0 0 0
T 1 0 1 0 0 0 0 0 0 0 0 0 0 0 0 0 0 0 0 0 0
T 0 1 1 1 0 0 0 0 0 0 1 1 0 1 0 1 0 1 1 0 0
T 1 0 0 1 0 0 0 1 0 0 0 0 0 0 0 0 1 0 0 0 0
T 1 1 1 1 0 1 1 1 1 0 1 1 1 1 0 1 1 1 1 0 0
T 1 0 1 1 0 0 1 1 0 0 0 0 1 0 0 1 1 0 1 0 0
T 1 1 1 1 0 0 0 0 0 0 0 0 0 0 0 0 0 0 0 0 0
T 1 0 1 0 0 0 1 0 0 0 0 0 1 0 0 0 0 0 0 0 0
T 1 1 0 0 0 1 0 0 1 0 0 0 0 0 0 0 0 0 0 0 0
T 1 0 1 1 0 0 1 1 0 0 0 0 1 0 0 1 1 0 1 0 0
T 1 1 0 1 0 1 0 1 1 0 0 1 0 0 0 0 1 1 0 0 0
T 0 1 1 0 0 0 0 0 0 0 1 0 0 1 0 0 0 0 0 0 0
T 1 0 0 1 0 0 0 1 0 0 0 0 0 0 0 0 1 0 0 0 0
T 0 1 0 1 0 0 0 0 0 0 0 0 0 0 0 0 0 0 0 0 0
T 1 0 1 1 0 0 1 1 0 0 0 0 1 0 0 1 1 0 1 0 0
T 0 1 1 1 0 0 0 0 0 0 0 0 0 0 0 0 0 0 0 0 0
T 0 1 0 1 0 0 0 0 0 0 0 1 0 0 0 0 0 1 0 0 0
T 1 0 1 0 0 0 1 0 0 0 0 0 1 0 0 0 0 0 0 0 0
T 1 1 0 1 0 1 0 1 1 0 0 1 0 0 0 0 1 1 0 0 0
T 0 1 1 1 0 0 0 0 0 0 1 1 0 1 0 1 0 1 1 0 0
T 0 1 0 1 0 0 0 0 0 0 0 1 0 0 0 0 0 1 0 0 0
T 0 1 1 0 0 0 0 0 0 0 0 0 0 0 0 0 0 0 0 0 0
T 1 0 0 1 0 0 0 1 0 0 0 0 0 0 0 0 1 0 0 0 0
T 1 0 1 1 0 0 1 1 0 0 0 0 1 0 0 1 1 0 1 0 0
T 0 0 1 1 0 0 0 0 0 0 0 0 0 0 0 1 0 0 1 0 0
T 0 1 1 1 0 0 0 0 0 0 1 1 0 1 0 1 0 1 1 0 0
T 1 1 1 1 0 1 1 1 1 0 1 1 1 1 0 1 1 1 1 0 0
T 0 0 1 1 0 0 0 0 0 0 0 0 0 0 0 1 0 0 1 0 0
T 1 1 1 1 0 1 1 1 1 0 1 1 1 1 0 1 1 1 1 0 0
T 1 1 1 1 0 1 1 1 1 0 1 1 1 1 0 1 1 1 1 0 0
T 1 0 1 0 0 0 1 0 0 0 0 0 1 0 0 0 0 0 0 0 0
T 0 0 1 1 0 0 0 0 0 0 0 0 0 0 0 1 0 0 1 0 0
T 1 1 1 1 0 1 1 1 1 0 1 1 1 1 0 1 1 1 1 0 0
T 1 0 1 1 0 0 0 0 0 0 0 0 0 0 0 0 0 0 0 0 0
T 1 0 0 1 0 0 0 1 0 0 0 0 0 0 0 0 1 0 0 0 2
T 1 1 1 1 0 1 1 1 1 0 1 1 1 1 0 1 1 1 1 0 4
T 0 0 1 1 0 0 0 0 0 0 0 0 0 0 0 1 0 0 1 0 2
T 1 1 1 1 0 0 0 0 0 0 0 0 0 0 0 0 0 0 0 0 0
B 0
B 0
B 0
B 1
B 1
B 1
B 2
B 2
B 2
D 1 -1
D 1 -1
D 2 -1
D 2 -1
D 3 -1
D 3 -1
D 1 2
D 2 3
D 1 3
M
M
M
M
M
M
C
C
C